0.175 0
0.525 0
0.875 1
1.225 0
1.575 1
1.925 5
2.275 5
2.625 14
2.975 22
3.325 25
3.675 36
4.025 17
4.375 28
4.725 46
5.075 35
5.425 44
5.775 52
6.125 45
6.475 48
6.825 55
7.175 69
7.525 54
7.875 66
8.225 68
8.575 77
8.925 101
9.275 110
9.625 128
9.975 108
10.325 144
10.675 160
11.025 222
11.375 240
11.725 286
12.075 313
12.425 346
12.775 441
13.125 514
13.475 634
13.825 674
14.175 854
14.525 883
14.875 1049
15.225 1248
15.575 1297
15.925 1452
16.275 1526
16.625 1561
16.975 1749
17.325 1843
17.675 1848
18.025 1891
18.375 2064
18.725 2178
19.075 2134
19.425 2200
19.775 2130
20.125 2267
20.475 2274
20.825 2388
21.175 2369
21.525 2464
21.875 2687
22.225 2633
22.575 2529
22.925 2657
23.275 2702
23.625 2691
23.975 2719
24.325 2709
24.675 2557
25.025 2550
25.375 2594
25.725 2552
26.075 2552
26.425 2736
26.775 2717
27.125 2858
27.475 2807
27.825 2867
28.175 2941
28.525 2998
28.875 3010
29.225 2983
29.575 3006
29.925 3113
30.275 3145
30.625 3233
30.975 3195
31.325 3262
31.675 3326
32.025 3448
32.375 3549
32.725 3438
33.075 3512
33.425 3370
33.775 3553
34.125 3667
34.475 3759
34.825 3824
